dim: (1059, 641)
# of poses: 30
# of anchors: 600
k: 10
iso_var: 2.0
sensor_var: 10
pop_size: 100
max_generations: 100
sigma: 0.3

x:
1 - [1030    0]
2 - [1030  150]
3 - [970 160]
4 - [960 220]
5 - [850 230]
6 - [880 390]
7 - [840 520]
8 - [1030  510]
9 - [1030  600]
10 - [710 600]
11 - [719 531]
12 - [715 430]
13 - [587 422]
14 - [576 335]
15 - [555 254]
16 - [496 258]
17 - [490 396]
18 - [435 398]
19 - [413 423]
20 - [285 421]
21 - [290 593]
22 - [154 565]
23 - [137 425]
24 - [110 420]
25 - [ 82 225]
26 - [108 197]
27 - [105 178]
28 - [130 178]
29 - [140 106]
30 - [81  0]

p:
1 - [191 292]
2 - [995  59]
3 - [303 332]
4 - [505 263]
5 - [830 195]
6 - [1031  493]
7 - [918 243]
8 - [346  33]
9 - [957 144]
10 - [218 591]
11 - [487 526]
12 - [715 444]
13 - [710 524]
14 - [635 303]
15 - [227 330]
16 - [851 563]
17 - [887 247]
18 - [488 190]
19 - [118 506]
20 - [504 507]
21 - [713 115]
22 - [111 234]
23 - [876 104]
24 - [136 483]
25 - [591 602]
26 - [267 143]
27 - [1024   69]
28 - [330 167]
29 - [809  35]
30 - [ 12 359]
31 - [878 403]
32 - [753 340]
33 - [ 62 563]
34 - [259 389]
35 - [443 169]
36 - [1027  268]
37 - [397 302]
38 - [644 542]
39 - [346 318]
40 - [317 432]
41 - [189 541]
42 - [735  20]
43 - [950 435]
44 - [797 545]
45 - [ 65 474]
46 - [311  49]
47 - [990 213]
48 - [981  24]
49 - [593 253]
50 - [1006  468]
51 - [898 425]
52 - [51 13]
53 - [ 66 215]
54 - [171  62]
55 - [397 466]
56 - [208 165]
57 - [955 298]
58 - [881 393]
59 - [261 324]
60 - [688 222]
61 - [999 507]
62 - [359 548]
63 - [566 532]
64 - [665 411]
65 - [746  67]
66 - [635 439]
67 - [895  86]
68 - [125  24]
69 - [417 262]
70 - [579 361]
71 - [415 287]
72 - [465 120]
73 - [923 522]
74 - [306 103]
75 - [168 350]
76 - [678 601]
77 - [ 84 596]
78 - [151 370]
79 - [560 364]
80 - [798 516]
81 - [ 93 152]
82 - [828 499]
83 - [166 518]
84 - [704 140]
85 - [832 522]
86 - [298 139]
87 - [1034  608]
88 - [714 248]
89 - [137  54]
90 - [ 56 144]
91 - [918 482]
92 - [369 546]
93 - [914 532]
94 - [1020  308]
95 - [980 429]
96 - [837 182]
97 - [363 384]
98 - [733 372]
99 - [942 191]
100 - [526 352]
101 - [141 370]
102 - [679 204]
103 - [913 259]
104 - [ 52 443]
105 - [891   6]
106 - [ 66 382]
107 - [653 325]
108 - [231 198]
109 - [232 326]
110 - [ 33 154]
111 - [994 552]
112 - [1000  256]
113 - [814 168]
114 - [735 333]
115 - [779 151]
116 - [764 249]
117 - [478 109]
118 - [572 442]
119 - [505 169]
120 - [1045  395]
121 - [684 331]
122 - [935 541]
123 - [252 502]
124 - [140 287]
125 - [509 117]
126 - [645 265]
127 - [949 313]
128 - [769  98]
129 - [668 120]
130 - [521 545]
131 - [952 405]
132 - [313  99]
133 - [999 521]
134 - [660 589]
135 - [72 95]
136 - [ 28 352]
137 - [494 556]
138 - [764 562]
139 - [851 142]
140 - [719 188]
141 - [258   7]
142 - [ 15 197]
143 - [650 197]
144 - [872 405]
145 - [310 261]
146 - [223  35]
147 - [979  84]
148 - [859 223]
149 - [345 165]
150 - [490 553]
151 - [409 586]
152 - [226  65]
153 - [621 165]
154 - [ 27 391]
155 - [596  68]
156 - [323  94]
157 - [336 450]
158 - [240 410]
159 - [281 505]
160 - [848 129]
161 - [979 584]
162 - [423 602]
163 - [1000  185]
164 - [985 165]
165 - [664  12]
166 - [ 21 353]
167 - [1045  524]
168 - [481  45]
169 - [356 349]
170 - [303 514]
171 - [316   3]
172 - [766  26]
173 - [554 516]
174 - [751 419]
175 - [623 339]
176 - [609 450]
177 - [ 31 439]
178 - [151  26]
179 - [793 573]
180 - [219 204]
181 - [393  46]
182 - [830 198]
183 - [961   3]
184 - [575  20]
185 - [202 288]
186 - [881 100]
187 - [936 300]
188 - [509 175]
189 - [1047  255]
190 - [761 474]
191 - [1045  376]
192 - [420 170]
193 - [877 405]
194 - [939 460]
195 - [751 590]
196 - [780  90]
197 - [653 238]
198 - [400 543]
199 - [490 154]
200 - [384 564]
201 - [971 473]
202 - [455 426]
203 - [558 398]
204 - [852 116]
205 - [926 423]
206 - [31 84]
207 - [742 190]
208 - [588 522]
209 - [145 239]
210 - [278 260]
211 - [774 405]
212 - [894 407]
213 - [ 91 440]
214 - [487 232]
215 - [787  45]
216 - [654 295]
217 - [148 527]
218 - [106 304]
219 - [ 82 566]
220 - [654 477]
221 - [628 177]
222 - [ 92 286]
223 - [396 215]
224 - [554 288]
225 - [393 161]
226 - [102 243]
227 - [427 522]
228 - [601 448]
229 - [325 528]
230 - [601 239]
231 - [ 62 300]
232 - [707 411]
233 - [107 561]
234 - [904 157]
235 - [403 152]
236 - [318 495]
237 - [417 267]
238 - [632 441]
239 - [1034  326]
240 - [329 193]
241 - [1026   85]
242 - [852 208]
243 - [814 527]
244 - [773 157]
245 - [ 13 559]
246 - [420 182]
247 - [ 40 494]
248 - [854 568]
249 - [705 411]
250 - [252 206]
251 - [1008  407]
252 - [291 445]
253 - [416 563]
254 - [261 391]
255 - [559 114]
256 - [63 74]
257 - [775 552]
258 - [415 188]
259 - [697 255]
260 - [685 160]
261 - [468 438]
262 - [667 486]
263 - [1039  163]
264 - [666 509]
265 - [907 152]
266 - [191   9]
267 - [655 232]
268 - [826 585]
269 - [655  99]
270 - [610 204]
271 - [416 507]
272 - [106 427]
273 - [743 350]
274 - [156 345]
275 - [378  73]
276 - [131 329]
277 - [931 340]
278 - [745 489]
279 - [917  90]
280 - [183 209]
281 - [442 382]
282 - [652 527]
283 - [678  88]
284 - [ 56 261]
285 - [277 571]
286 - [331 491]
287 - [550 527]
288 - [872 164]
289 - [131 322]
290 - [952 527]
291 - [590 295]
292 - [937 329]
293 - [1015  500]
294 - [669 154]
295 - [571 167]
296 - [139 362]
297 - [250 579]
298 - [448 328]
299 - [183 323]
300 - [733 249]
301 - [ 76 452]
302 - [689 377]
303 - [225  72]
304 - [257 328]
305 - [957 496]
306 - [767 489]
307 - [914 461]
308 - [909 434]
309 - [279 154]
310 - [216 508]
311 - [772 215]
312 - [650 391]
313 - [564 582]
314 - [211 387]
315 - [820 398]
316 - [222 421]
317 - [623 243]
318 - [310 200]
319 - [212 185]
320 - [857 294]
321 - [377 104]
322 - [928 200]
323 - [463 325]
324 - [762  19]
325 - [169 453]
326 - [1024  447]
327 - [216 268]
328 - [660  33]
329 - [774 120]
330 - [851 288]
331 - [305 186]
332 - [318 254]
333 - [488 287]
334 - [619 129]
335 - [101 214]
336 - [985 299]
337 - [563  35]
338 - [776 169]
339 - [471 403]
340 - [416 461]
341 - [624 449]
342 - [336 415]
343 - [728 295]
344 - [ 65 119]
345 - [1018  339]
346 - [823 474]
347 - [992 391]
348 - [710 521]
349 - [712 320]
350 - [183 112]
351 - [596  55]
352 - [ 40 109]
353 - [837 170]
354 - [306 457]
355 - [409 310]
356 - [219 412]
357 - [172 169]
358 - [352 299]
359 - [320 233]
360 - [155 512]
361 - [409 241]
362 - [568 403]
363 - [ 44 158]
364 - [517 208]
365 - [827 466]
366 - [252 516]
367 - [481  13]
368 - [24 10]
369 - [223  97]
370 - [645 289]
371 - [913 453]
372 - [1041  192]
373 - [443  96]
374 - [188  75]
375 - [301 201]
376 - [738 141]
377 - [379 319]
378 - [815 143]
379 - [381  85]
380 - [125 303]
381 - [440 188]
382 - [473 226]
383 - [78  0]
384 - [377 353]
385 - [ 63 378]
386 - [506 175]
387 - [341 121]
388 - [460   4]
389 - [791 497]
390 - [979 284]
391 - [769 501]
392 - [657   3]
393 - [1047  273]
394 - [559 126]
395 - [790 261]
396 - [599 246]
397 - [628  28]
398 - [341  75]
399 - [721 387]
400 - [736 390]
401 - [996 236]
402 - [190 470]
403 - [955 587]
404 - [ 80 452]
405 - [328 341]
406 - [956 422]
407 - [839 442]
408 - [504 193]
409 - [594 569]
410 - [867  18]
411 - [206 173]
412 - [ 98 146]
413 - [939 378]
414 - [378 202]
415 - [239 505]
416 - [462 351]
417 - [901 550]
418 - [574  85]
419 - [269 232]
420 - [212 249]
421 - [499 541]
422 - [309 466]
423 - [759 547]
424 - [410 143]
425 - [506 488]
426 - [770 408]
427 - [446 217]
428 - [ 65 261]
429 - [1026  537]
430 - [853 454]
431 - [587 142]
432 - [821  20]
433 - [779 209]
434 - [996 117]
435 - [385 184]
436 - [287 601]
437 - [504  36]
438 - [985 419]
439 - [166 406]
440 - [1045  459]
441 - [469 525]
442 - [879 346]
443 - [960 363]
444 - [650 358]
445 - [227 124]
446 - [835 489]
447 - [792 552]
448 - [1022  231]
449 - [864 396]
450 - [662 527]
451 - [519 435]
452 - [603 258]
453 - [588 582]
454 - [406 259]
455 - [318 342]
456 - [626  92]
457 - [718  83]
458 - [947  29]
459 - [129 230]
460 - [527   1]
461 - [896 155]
462 - [743 114]
463 - [643 581]
464 - [431  93]
465 - [471 314]
466 - [800 513]
467 - [1010  188]
468 - [ 34 548]
469 - [ 42 370]
470 - [770  22]
471 - [ 20 586]
472 - [994 315]
473 - [641 246]
474 - [458  74]
475 - [211 399]
476 - [ 87 600]
477 - [890 597]
478 - [980 326]
479 - [1017  440]
480 - [670 311]
481 - [901 410]
482 - [456 183]
483 - [141 190]
484 - [1039   72]
485 - [33  8]
486 - [372 320]
487 - [823 517]
488 - [631 490]
489 - [819 238]
490 - [484 304]
491 - [130 195]
492 - [404 445]
493 - [823  51]
494 - [118 194]
495 - [119 424]
496 - [800  15]
497 - [892  81]
498 - [224 411]
499 - [106 342]
500 - [707   7]
501 - [769 510]
502 - [207 404]
503 - [87 44]
504 - [512 388]
505 - [630 506]
506 - [647  51]
507 - [177 287]
508 - [ 27 172]
509 - [304 599]
510 - [774 339]
511 - [370 371]
512 - [110 220]
513 - [1038  332]
514 - [345 153]
515 - [578  29]
516 - [386 516]
517 - [362 527]
518 - [617  84]
519 - [762 101]
520 - [575 594]
521 - [941 475]
522 - [765 406]
523 - [634 163]
524 - [612 103]
525 - [408 113]
526 - [540 335]
527 - [320 380]
528 - [523 602]
529 - [192  85]
530 - [769 238]
531 - [697 318]
532 - [897 549]
533 - [118 460]
534 - [744 393]
535 - [967  25]
536 - [614 338]
537 - [196 119]
538 - [713 182]
539 - [945 220]
540 - [501  53]
541 - [146 566]
542 - [507 515]
543 - [606 132]
544 - [1006  102]
545 - [473 410]
546 - [288 463]
547 - [ 11 469]
548 - [720 338]
549 - [109  31]
550 - [227 302]
551 - [682  90]
552 - [280 331]
553 - [872 289]
554 - [745 122]
555 - [687 274]
556 - [420  48]
557 - [174 312]
558 - [953 122]
559 - [425 173]
560 - [657  68]
561 - [453 519]
562 - [883 132]
563 - [423 273]
564 - [376 283]
565 - [726 132]
566 - [259 275]
567 - [605 109]
568 - [280  44]
569 - [641 492]
570 - [ 84 346]
571 - [884 490]
572 - [1007  434]
573 - [ 79 189]
574 - [804   1]
575 - [544   9]
576 - [791 608]
577 - [524 313]
578 - [208 208]
579 - [868 361]
580 - [353 571]
581 - [743 514]
582 - [293 531]
583 - [320 129]
584 - [220 368]
585 - [519 605]
586 - [507  89]
587 - [189 245]
588 - [825 157]
589 - [986 304]
590 - [983  83]
591 - [120 468]
592 - [473 356]
593 - [121 459]
594 - [197  94]
595 - [153 236]
596 - [151 193]
597 - [199 174]
598 - [600 457]
599 - [921 431]
600 - [888 231]
