dim: (1059, 641)
# of poses: 30
# of anchors: 600
k: 10
iso_var: 2.0
sensor_var: 10
pop_size: 100
max_generations: 100
sigma: 0.3

x:
1 - [1030    0]
2 - [1030  150]
3 - [970 160]
4 - [960 220]
5 - [850 230]
6 - [880 390]
7 - [840 520]
8 - [1030  510]
9 - [1030  600]
10 - [710 600]
11 - [719 531]
12 - [715 430]
13 - [587 422]
14 - [576 335]
15 - [555 254]
16 - [496 258]
17 - [490 396]
18 - [435 398]
19 - [413 423]
20 - [285 421]
21 - [290 593]
22 - [154 565]
23 - [137 425]
24 - [110 420]
25 - [ 82 225]
26 - [108 197]
27 - [105 178]
28 - [130 178]
29 - [140 106]
30 - [81  0]

p:
1 - [616  52]
2 - [ 53 602]
3 - [394 265]
4 - [443 550]
5 - [669 609]
6 - [511 131]
7 - [104 473]
8 - [1042   43]
9 - [182 532]
10 - [305  17]
11 - [544   3]
12 - [723 490]
13 - [512 214]
14 - [771 302]
15 - [786 267]
16 - [917  62]
17 - [338 123]
18 - [721 198]
19 - [941 297]
20 - [793 605]
21 - [504 294]
22 - [195 146]
23 - [ 47 254]
24 - [650 224]
25 - [909 424]
26 - [863 592]
27 - [599 400]
28 - [574 513]
29 - [692  10]
30 - [474 205]
31 - [1004   80]
32 - [590 332]
33 - [866 288]
34 - [738  17]
35 - [650 538]
36 - [559 361]
37 - [369 542]
38 - [735 495]
39 - [839 377]
40 - [606 439]
41 - [416 184]
42 - [537 455]
43 - [883 159]
44 - [884 202]
45 - [189 602]
46 - [ 85 268]
47 - [795 262]
48 - [452 222]
49 - [195 328]
50 - [302 526]
51 - [1016  374]
52 - [712 431]
53 - [389 552]
54 - [996 402]
55 - [580 404]
56 - [879 356]
57 - [404  75]
58 - [760 282]
59 - [823 356]
60 - [548  26]
61 - [294 523]
62 - [230 184]
63 - [405 218]
64 - [321 378]
65 - [588  76]
66 - [420 251]
67 - [846 607]
68 - [120  83]
69 - [663 593]
70 - [260 437]
71 - [ 72 282]
72 - [160 271]
73 - [ 24 560]
74 - [140 534]
75 - [846 120]
76 - [ 27 358]
77 - [386 265]
78 - [487 487]
79 - [767 291]
80 - [534 308]
81 - [440 395]
82 - [697 456]
83 - [254 415]
84 - [410 519]
85 - [ 58 158]
86 - [ 49 116]
87 - [25 11]
88 - [100 565]
89 - [989 495]
90 - [ 58 172]
91 - [994 119]
92 - [801 255]
93 - [852  74]
94 - [380 175]
95 - [415 558]
96 - [286 230]
97 - [150  94]
98 - [575 275]
99 - [712  37]
100 - [802 525]
101 - [228 276]
102 - [47 64]
103 - [873 409]
104 - [721 605]
105 - [627 484]
106 - [337 245]
107 - [310 528]
108 - [789 567]
109 - [486 375]
110 - [248 102]
111 - [828 536]
112 - [351 163]
113 - [910 426]
114 - [271 194]
115 - [430 548]
116 - [637 548]
117 - [838 436]
118 - [277 382]
119 - [694  33]
120 - [266 537]
121 - [707 587]
122 - [ 43 126]
123 - [925 494]
124 - [584 583]
125 - [826 241]
126 - [131 455]
127 - [ 52 320]
128 - [465 330]
129 - [832 372]
130 - [749 265]
131 - [947 490]
132 - [952 352]
133 - [1049  476]
134 - [807 281]
135 - [269  85]
136 - [296 102]
137 - [ 61 466]
138 - [1009  466]
139 - [942 141]
140 - [999 335]
141 - [915 373]
142 - [149 440]
143 - [667  77]
144 - [722 140]
145 - [840 159]
146 - [605 603]
147 - [ 72 192]
148 - [614 429]
149 - [497  89]
150 - [ 91 366]
151 - [ 67 137]
152 - [711   7]
153 - [718 174]
154 - [667 570]
155 - [163 560]
156 - [1048  562]
157 - [ 44 362]
158 - [277 118]
159 - [746 290]
160 - [202 130]
161 - [658 184]
162 - [818   4]
163 - [297 564]
164 - [227 106]
165 - [770 341]
166 - [389 193]
167 - [479 175]
168 - [305 272]
169 - [581 107]
170 - [873 458]
171 - [697 314]
172 - [394  43]
173 - [1018  466]
174 - [474 188]
175 - [ 81 419]
176 - [463  86]
177 - [728 542]
178 - [852 289]
179 - [864 462]
180 - [586 255]
181 - [723 321]
182 - [480 287]
183 - [907  23]
184 - [739 507]
185 - [926 112]
186 - [114 564]
187 - [ 23 493]
188 - [810 485]
189 - [755 460]
190 - [1045  353]
191 - [999   7]
192 - [1041  429]
193 - [698 118]
194 - [796 523]
195 - [190 504]
196 - [966 336]
197 - [450 427]
198 - [1039  107]
199 - [827  33]
200 - [216 207]
201 - [596  70]
202 - [ 78 523]
203 - [912 494]
204 - [400 574]
205 - [848 344]
206 - [1035  562]
207 - [856  75]
208 - [512 123]
209 - [771 269]
210 - [125 332]
211 - [939 555]
212 - [232 342]
213 - [510 504]
214 - [809 487]
215 - [419 377]
216 - [330 558]
217 - [840 544]
218 - [889 351]
219 - [39 76]
220 - [185 247]
221 - [382 167]
222 - [909 421]
223 - [595 171]
224 - [150 489]
225 - [404 457]
226 - [364 535]
227 - [514 309]
228 - [154 104]
229 - [276 110]
230 - [148 449]
231 - [151 519]
232 - [1012  205]
233 - [611  81]
234 - [115 590]
235 - [1025  320]
236 - [856 106]
237 - [729  24]
238 - [196 522]
239 - [509 600]
240 - [945 139]
241 - [275 109]
242 - [352 523]
243 - [738 420]
244 - [202 581]
245 - [998 124]
246 - [678 454]
247 - [268 378]
248 - [265  63]
249 - [507 311]
250 - [857 164]
251 - [887 381]
252 - [333 479]
253 - [654 407]
254 - [1047  447]
255 - [494 537]
256 - [620 564]
257 - [273 374]
258 - [444 172]
259 - [208 539]
260 - [220 163]
261 - [754 562]
262 - [ 45 241]
263 - [173 372]
264 - [966 335]
265 - [115 591]
266 - [334 487]
267 - [974 520]
268 - [862 299]
269 - [718 579]
270 - [309 260]
271 - [199 452]
272 - [ 67 565]
273 - [532  59]
274 - [600  37]
275 - [284 292]
276 - [521 350]
277 - [582  80]
278 - [961 482]
279 - [951 151]
280 - [315 324]
281 - [1027   26]
282 - [567 501]
283 - [150 401]
284 - [598 233]
285 - [672 443]
286 - [636 405]
287 - [427 215]
288 - [ 33 438]
289 - [414  59]
290 - [215 119]
291 - [1048  224]
292 - [ 48 530]
293 - [174 607]
294 - [166 147]
295 - [411 330]
296 - [ 23 505]
297 - [889  79]
298 - [517  69]
299 - [358 115]
300 - [ 14 579]
301 - [748 432]
302 - [703 583]
303 - [381 531]
304 - [ 79 231]
305 - [455 393]
306 - [422  62]
307 - [632   8]
308 - [806 456]
309 - [762 565]
310 - [477 133]
311 - [790  14]
312 - [948  33]
313 - [677 418]
314 - [835 439]
315 - [586 506]
316 - [406 416]
317 - [213  17]
318 - [170 574]
319 - [508 113]
320 - [189 597]
321 - [954 490]
322 - [311 526]
323 - [ 61 514]
324 - [ 32 414]
325 - [589 297]
326 - [ 68 126]
327 - [1003  519]
328 - [843  92]
329 - [ 20 219]
330 - [149 410]
331 - [311 312]
332 - [256 560]
333 - [201 469]
334 - [508 244]
335 - [999 508]
336 - [ 87 241]
337 - [565 601]
338 - [870 145]
339 - [601 555]
340 - [431 397]
341 - [1044  192]
342 - [369 355]
343 - [1047  170]
344 - [ 42 168]
345 - [943 335]
346 - [336 296]
347 - [427 359]
348 - [1027  370]
349 - [471 568]
350 - [492 375]
351 - [416  59]
352 - [145  39]
353 - [1012  185]
354 - [325 258]
355 - [744 372]
356 - [772  49]
357 - [185 327]
358 - [873 599]
359 - [ 87 585]
360 - [362 262]
361 - [312 586]
362 - [ 23 383]
363 - [878 596]
364 - [543 322]
365 - [496 104]
366 - [812 419]
367 - [556 258]
368 - [392 397]
369 - [957 347]
370 - [ 27 415]
371 - [ 78 431]
372 - [1043  579]
373 - [650 528]
374 - [179 292]
375 - [859 120]
376 - [ 73 388]
377 - [ 29 541]
378 - [913 467]
379 - [161 603]
380 - [544 418]
381 - [ 66 182]
382 - [582  18]
383 - [574  47]
384 - [ 53 517]
385 - [214 174]
386 - [894 363]
387 - [956 569]
388 - [220 199]
389 - [604 552]
390 - [102 334]
391 - [930 165]
392 - [ 89 118]
393 - [ 80 113]
394 - [ 69 215]
395 - [519 131]
396 - [993  72]
397 - [460 420]
398 - [ 58 489]
399 - [417 407]
400 - [945 464]
401 - [920 151]
402 - [159 226]
403 - [196  33]
404 - [534  65]
405 - [399 143]
406 - [614 559]
407 - [394 386]
408 - [608 296]
409 - [612 416]
410 - [132  17]
411 - [543  38]
412 - [793 319]
413 - [783 485]
414 - [ 15 256]
415 - [956 272]
416 - [657 606]
417 - [396 575]
418 - [312 182]
419 - [837  33]
420 - [220 357]
421 - [342 559]
422 - [936 135]
423 - [1004  227]
424 - [335 188]
425 - [ 90 541]
426 - [736 456]
427 - [ 30 288]
428 - [749 125]
429 - [600 329]
430 - [475 386]
431 - [1008  243]
432 - [796 293]
433 - [541  36]
434 - [1022  389]
435 - [321 548]
436 - [530 467]
437 - [908  65]
438 - [501  14]
439 - [244 604]
440 - [269 348]
441 - [685 404]
442 - [248 598]
443 - [768 159]
444 - [570  62]
445 - [756 322]
446 - [703 452]
447 - [501 564]
448 - [324 138]
449 - [506 272]
450 - [385 489]
451 - [484 304]
452 - [580 390]
453 - [267  50]
454 - [579  25]
455 - [902 271]
456 - [664 145]
457 - [317  82]
458 - [411 207]
459 - [294 264]
460 - [242  32]
461 - [ 60 609]
462 - [ 16 391]
463 - [ 91 145]
464 - [ 61 431]
465 - [601 371]
466 - [267 175]
467 - [805 336]
468 - [226 602]
469 - [712  23]
470 - [422 151]
471 - [811 305]
472 - [487 151]
473 - [394 540]
474 - [859   7]
475 - [1032  369]
476 - [197 330]
477 - [590  49]
478 - [698 466]
479 - [306 588]
480 - [247  43]
481 - [203 457]
482 - [657 133]
483 - [798 110]
484 - [528 173]
485 - [514 427]
486 - [548 576]
487 - [129 170]
488 - [713 516]
489 - [452  29]
490 - [633 324]
491 - [255 388]
492 - [1036  108]
493 - [480 530]
494 - [612 161]
495 - [768 504]
496 - [283 508]
497 - [432 219]
498 - [112 585]
499 - [1036  367]
500 - [541 412]
501 - [159 119]
502 - [498 369]
503 - [449 145]
504 - [1009  219]
505 - [274  81]
506 - [737 575]
507 - [650  30]
508 - [131 264]
509 - [566 420]
510 - [957   4]
511 - [494 472]
512 - [690 119]
513 - [217 571]
514 - [722 474]
515 - [387 539]
516 - [198 329]
517 - [279 300]
518 - [570  11]
519 - [182 270]
520 - [631 229]
521 - [884 337]
522 - [948 324]
523 - [577 365]
524 - [390 591]
525 - [853 112]
526 - [853  83]
527 - [755   3]
528 - [829 480]
529 - [860 112]
530 - [519 592]
531 - [402 587]
532 - [992 378]
533 - [557 320]
534 - [901 102]
535 - [984 446]
536 - [142 286]
537 - [721 355]
538 - [885 308]
539 - [595 281]
540 - [486 201]
541 - [494 297]
542 - [665 363]
543 - [392 149]
544 - [714 376]
545 - [928 110]
546 - [670 347]
547 - [628 133]
548 - [465 400]
549 - [1015  583]
550 - [1048   28]
551 - [575  51]
552 - [717 157]
553 - [ 36 498]
554 - [307 306]
555 - [190 535]
556 - [686 155]
557 - [484 437]
558 - [1000  104]
559 - [527 431]
560 - [326 133]
561 - [547 469]
562 - [571 154]
563 - [429  79]
564 - [ 14 158]
565 - [710 108]
566 - [1029  421]
567 - [323 527]
568 - [996 381]
569 - [436 479]
570 - [291 573]
571 - [375  11]
572 - [775 389]
573 - [774 439]
574 - [970 234]
575 - [708 400]
576 - [ 10 145]
577 - [841 113]
578 - [797 561]
579 - [461  77]
580 - [ 84 276]
581 - [222 117]
582 - [720 121]
583 - [771  34]
584 - [332 563]
585 - [779 442]
586 - [521 148]
587 - [216 353]
588 - [903   7]
589 - [643 292]
590 - [465 245]
591 - [528 474]
592 - [161 177]
593 - [645 218]
594 - [968 499]
595 - [998 476]
596 - [209 278]
597 - [936  19]
598 - [ 67 481]
599 - [917 237]
600 - [708  97]
